1.270000000000000018e-01
1.358000000000000040e-01
1.254000000000000115e-01
1.270000000000000018e-01
2.185999999999999888e-01
1.255999999999999894e-01
1.526000000000000134e-01
2.786000000000000143e-01
2.962000000000000188e-01
2.993999999999999995e-01
1.716000000000000025e-01
2.972000000000000197e-01
2.079999999999999905e-01
2.993999999999999995e-01
2.136000000000000121e-01
2.059999999999999887e-01
2.136000000000000121e-01
2.142000000000000015e-01
4.920000000000000068e-02
2.124000000000000055e-01
2.316000000000000003e-01
9.560000000000000442e-02
8.459999999999999465e-02
8.400000000000000522e-02
2.031999999999999917e-01
8.340000000000000191e-02
5.220000000000000334e-02
8.459999999999999465e-02
1.117999999999999966e-01
1.953999999999999904e-01
1.121999999999999942e-01
1.117999999999999966e-01
1.062000000000000027e-01
1.130000000000000032e-01
1.524000000000000077e-01
1.335999999999999965e-01
1.554000000000000103e-01
1.565999999999999892e-01
1.728000000000000091e-01
1.549999999999999989e-01
1.950000000000000067e-01
1.565999999999999892e-01
5.140000000000000124e-02
7.839999999999999747e-02
5.220000000000000334e-02
5.659999999999999754e-02
1.066000000000000003e-01
4.859999999999999737e-02
1.668000000000000038e-01
1.983999999999999930e-01
1.524000000000000077e-01
1.673999999999999932e-01
1.164000000000000035e-01
1.567999999999999949e-01
1.535999999999999865e-01
1.512000000000000011e-01
1.292000000000000093e-01
1.332000000000000128e-01
1.293999999999999873e-01
1.212000000000000022e-01
1.123999999999999999e-01
1.303999999999999881e-01
1.968000000000000027e-01
1.804000000000000048e-01
1.691999999999999893e-01
1.719999999999999862e-01
1.913999999999999868e-01
1.690000000000000113e-01
1.175999999999999962e-01
1.719999999999999862e-01
9.400000000000000022e-02
9.600000000000000200e-02
9.360000000000000264e-02
9.400000000000000022e-02
1.915999999999999925e-01
9.479999999999999538e-02
1.716000000000000025e-01
2.300000000000000100e-01
2.444000000000000061e-01
2.379999999999999893e-01
1.872000000000000053e-01
2.467999999999999916e-01
2.031999999999999917e-01
2.464000000000000079e-01
2.958000000000000074e-01
3.397999999999999909e-01
2.943999999999999950e-01
2.878000000000000003e-01
1.360000000000000098e-01
2.938000000000000056e-01
2.664000000000000257e-01
1.089999999999999997e-01
6.700000000000000400e-02
6.320000000000000617e-02
2.149999999999999967e-01
6.700000000000000400e-02
1.852000000000000035e-01
6.539999999999999980e-02
7.199999999999999456e-02
4.800000000000000100e-02
7.159999999999999698e-02
7.199999999999999456e-02
1.955999999999999961e-01
7.119999999999999940e-02
9.639999999999999958e-02
1.867999999999999938e-01
1.219999999999999973e-01
1.232000000000000040e-01
4.200000000000000261e-02
1.223999999999999949e-01
1.303999999999999881e-01
1.232000000000000040e-01
1.333999999999999908e-01
8.459999999999999465e-02
1.330000000000000071e-01
1.333999999999999908e-01
1.459999999999999909e-01
1.348000000000000032e-01
1.401999999999999913e-01
1.532000000000000028e-01
1.044000000000000067e-01
1.038000000000000034e-01
8.920000000000000151e-02
1.039999999999999952e-01
1.004000000000000031e-01
1.044000000000000067e-01
1.693999999999999950e-01
1.718000000000000083e-01
1.706000000000000016e-01
1.693999999999999950e-01
1.690000000000000113e-01
1.698000000000000065e-01
1.607999999999999985e-01
1.620000000000000051e-01
1.623999999999999888e-01
1.615999999999999936e-01
1.691999999999999893e-01
1.615999999999999936e-01
1.630000000000000060e-01
1.615999999999999936e-01
